403986.934056 0 0 0 0 0 0
403987.33479 -0.0002260191831738 -0.02563086338341 0.007312057539821 -0.1238641962409 0.001653679530136 -0.04429657012224
403987.734304 -0.0007826710352674 -0.02069644443691 0.02815599367023 -0.2549585103989 -0.2315560728312 -0.01059504039586
403988.135092 0.002769534708932 -0.02856491319835 0.03229955211282 -0.454771310091 -0.0514356084168 0.03079513646662
403988.534605 0.004319828003645 -0.04090785607696 0.02068995311856 -0.3203963637352 -0.05461794883013 0.0557341016829
403988.934144 0.0004507759877015 -0.05728884786367 0.001038541318849 -0.3361199498177 0.2325356900692 0.01060444768518
403989.334893 0.005028381943703 -0.04135050997138 0.001288227969781 -0.4092121422291 0.2878012657166 0.06023820862174
403989.73438 0.004280293826014 -0.05419613793492 -0.01041577011347 -0.3654338717461 0.3627505004406 0.06044661998749
403990.135198 0.002363570732996 -0.06792549043894 -0.01689668372273 -0.3807820081711 0.4260709881783 0.04013009741902
403990.534718 0.002677826443687 -0.06850226968527 -0.0115031497553 -0.3793919682503 0.3389121294022 0.03295130655169
403990.935554 0.00317718507722 -0.07194804400206 -0.01252061873674 -0.3816916048527 0.2674762606621 0.05443930998445
403991.335039 0.001755623030476 -0.06796357035637 -0.0262934435159 -0.3199343979359 0.3223304748535 0.0506683960557
403991.734468 0.001533280243166 -0.06399671733379 -0.02292518317699 -0.2915207147598 0.3982661962509 0.01868357509375
403992.135284 0.0006624436355196 -0.07573699951172 -0.03118708543479 -0.2496767938137 0.4361280202866 -0.001932447892614
403992.534768 7.379319868051e-06 -0.08138454705477 -0.03451891988516 -0.2411427646875 0.3706042170525 0.03968816623092
403992.935624 -0.001779251266271 -0.08658567070961 -0.0383319593966 -0.1920208632946 0.2792333364487 0.04704589769244
403993.335046 -0.002625650726259 -0.09576166421175 -0.03997534140944 -0.2300223708153 0.3037523627281 0.04251196607947
403993.734591 -0.004347678739578 -0.1014692485332 -0.04863359779119 -0.2489267736673 0.3996966779232 0.02809191122651
403994.135431 -0.00379835255444 -0.1009890064597 -0.05659459531307 -0.1710342764854 0.5123187303543 0.007425173185766
403994.534916 -0.003803130472079 -0.1015894040465 -0.06281790882349 -0.2369026839733 0.7027192115784 0.01976718939841
403994.934347 -0.003739785868675 -0.1062755659223 -0.06693280488253 -0.2768634855747 0.6903914809227 0.03514821827412
403995.33519 -0.002371124690399 -0.09645851701498 -0.08486951887608 -0.1289944648743 0.8007573485374 0.0214862935245
403995.734647 -0.002857469022274 -0.09077456593513 -0.09103657305241 -0.1519314348698 0.7781475186348 0.03703451529145
403996.135497 -0.005493144504726 -0.09858340024948 -0.08934772759676 -0.15334841609 0.7746301293373 0.02314145490527
403996.534918 -0.005832419265062 -0.09372697025537 -0.09432194381952 -0.1220086961985 0.7332053780556 0.01191864535213
403996.935744 -0.007822420448065 -0.09200213849545 -0.09607164561749 -0.2082522660494 1.195551156998 -0.03149421513081
403997.335242 -0.007736927829683 -0.1003777012229 -0.1040831431746 -0.1986556947231 1.045134544373 -0.03448489680886
403997.734764 -0.006989722140133 -0.1044235154986 -0.1067213639617 -0.1660177707672 0.9899027943611 0.003500214545056
403998.135534 -0.007599504198879 -0.1076765134931 -0.106948569417 -0.1777051985264 0.8961967229843 0.01608715578914
403998.535077 -0.006482063792646 -0.1074020937085 -0.1111279204488 -0.1551921218634 1.036036252975 -0.002243105554953
403998.934507 -0.008638618513942 -0.1087857037783 -0.1230281963944 -0.1225584968925 1.040135860443 -0.00656691333279
403999.335319 -0.007089666090906 -0.1090013086796 -0.1257691979408 -0.04234212264419 1.002633571625 -0.009367902763188
403999.734809 -0.009431510232389 -0.107553601265 -0.1252751648426 -0.04579093679786 0.9221381545067 -0.006774558220059
404000.134292 -0.00828654691577 -0.102921590209 -0.1303511857986 -0.0405337959528 1.008141875267 -0.006614946294576
404000.535159 -0.008314005099237 -0.09863023459911 -0.1284503787756 -0.07666018605232 1.045885562897 -0.02475813217461
404000.934631 -0.00853209104389 -0.1013343185186 -0.1337697356939 -0.06179314851761 1.043573260307 -0.0228705983609
404001.334129 -0.009755254723132 -0.1028027832508 -0.1431941837072 -0.07264034450054 1.206778764725 -0.0462340041995
404001.734864 -0.01135734654963 -0.1090314909816 -0.1383185535669 -0.1165553107858 1.154510617256 -0.04576900228858
404002.134373 -0.007268321700394 -0.1114360541105 -0.132564842701 -0.06855208426714 1.150018334389 -0.05041728168726
404002.533888 -0.01048181205988 -0.1174408346415 -0.1333776563406 -0.06909003853798 1.16067481041 -0.05094132944942
404002.934699 -0.01012638770044 -0.1159620732069 -0.1427480280399 -0.04397362098098 1.135990738869 -0.04061793908477
404003.334155 -0.006198230199516 -0.1096781864762 -0.1366503834724 -0.0160210262984 1.277607560158 -0.03493398055434
404003.733696 -0.007504488807172 -0.1139305084944 -0.1424736827612 -0.02295014634728 1.289586424828 -0.05243059620261
404004.134453 -0.007162496447563 -0.1230438128114 -0.1449144929647 -0.02734735235572 1.237135529518 -0.05396930128336
404004.533963 -0.005325901787728 -0.1179324164987 -0.1461721807718 0.004806668031961 1.267952084541 -0.0273498352617
404004.933407 -0.006315607111901 -0.1174560934305 -0.1394512802362 -0.02749526500702 1.288352131844 -0.04723204299808
404005.334237 -0.00779808871448 -0.12351218611 -0.1459664404392 -0.03659453988075 1.246943354607 -0.003941905684769
404005.733723 -0.0045948154293 -0.1172216162086 -0.1395437270403 -0.00667589250952 1.17858171463 0.01763179711998
404006.133211 -0.006323315668851 -0.1182509437203 -0.133734241128 -0.08694940060377 1.122695803642 -0.0007210563635454
404006.534009 -0.007790396455675 -0.1230842918158 -0.1373645663261 -0.07198672741652 1.168590426445 -0.003025102661923
404006.933509 -0.00688136741519 -0.1224905103445 -0.1401746720076 -0.06352505832911 1.217274785042 -0.01353318430483
404007.334321 -0.008139565587044 -0.1239517554641 -0.1435665488243 -0.06898558139801 1.249866843224 -0.0301549397409
404007.733853 -0.007914991118014 -0.127332136035 -0.1517921388149 0.01290863659233 1.176178574562 -0.02891338989139
404008.133343 -0.008161557838321 -0.1243583410978 -0.1491583585739 0.03708143159747 1.131950139999 -0.02283193543553
404008.534072 -0.007492978591472 -0.1214440390468 -0.1488724797964 0.01105670165271 1.089832901955 -0.01259841397405
404008.933584 -0.007897563278675 -0.1273997426033 -0.1551183611155 -0.03868518769741 1.248932719231 -0.01113987341523
404009.333118 -0.007776678074151 -0.1268977373838 -0.1513114869595 -0.02982626482844 1.206891655922 -0.004725941456854
404009.73386 -0.008009865880013 -0.1300709098577 -0.1657105982304 0.05749652907252 1.212828278542 -0.004709818400443
404010.133423 -0.008816792629659 -0.1185483112931 -0.1558925956488 0.03624443337321 1.158650398254 -0.01523013040423
404010.532853 -0.008376399986446 -0.118209220469 -0.1511658728123 0.05432536453009 1.123175144196 -0.03525394201279
404010.933652 -0.009354704990983 -0.1256624311209 -0.159901663661 0.05198476463556 1.208679437637 -0.01948630809784
404011.333153 -0.009895414113998 -0.1284575015306 -0.1653159707785 0.0472183264792 1.312453746796 -0.03411316871643
404011.732695 -0.007058502640575 -0.1208509579301 -0.142044082284 -0.03974395245314 1.184420466423 -0.0168211646378
404012.133453 -0.008001996204257 -0.1189676374197 -0.1520091742277 -0.0208076108247 1.306256175041 -0.04382143169641
404012.53292 -0.009313004091382 -0.1263373345137 -0.1579950004816 -0.05441113561392 1.39492046833 -0.01836615055799
404012.933807 -0.006620039232075 -0.1157559677958 -0.1503352820873 -0.07615182548761 1.329502820969 -0.002926988294348
404013.33323 -0.006931749172509 -0.1187117770314 -0.148750051856 -0.02308727987111 1.276756882668 0.02682688459754
404013.73404 -0.007562103681266 -0.1206291541457 -0.1454137414694 -0.06527451425791 1.27960562706 0.02237404882908
404014.133591 -0.008638000115752 -0.1210732385516 -0.1373110711575 -0.1350475847721 1.284159660339 0.02463756874204
404014.534347 -0.009056548587978 -0.1220634803176 -0.1453595906496 -0.03767025470734 1.291162967682 -0.01060528308153
404014.933888 -0.007405069191009 -0.1151460260153 -0.1400617659092 -0.05137083306909 1.230727553368 -0.01852445676923
404015.333312 -0.008741976693273 -0.1186234503984 -0.1612535864115 -0.02079496346414 1.532440066338 -0.05119836330414
404015.73413 -0.008333721198142 -0.1143549531698 -0.15312461555 -0.02081477828324 1.474298119545 -0.05552684888244
404016.133617 -0.009854071773589 -0.1172785013914 -0.1568142324686 -0.01945720799267 1.503960847855 -0.06238456815481
404016.533079 -0.01009380724281 -0.1087794303894 -0.1553039103746 0.02828998491168 1.520598173141 -0.03977969661355
404016.933917 -0.01027553342283 -0.1205133721232 -0.1601736098528 0.005632514134049 1.543988823891 -0.04767015203834
404017.333399 -0.0111276730895 -0.1161087229848 -0.1582001000643 0.0216492395848 1.508320331573 -0.02045821212232
404017.734273 -0.009880246594548 -0.1142411231995 -0.1550625413656 0.0406381264329 1.399454951286 -0.05567828938365
404018.133688 -0.009169144555926 -0.109999768436 -0.1560105830431 0.05230412259698 1.387964010239 -0.04952144995332
404018.534559 -0.01024288125336 -0.1060256361961 -0.1702670007944 0.1166614368558 1.458359360695 -0.04263310134411
404018.934003 -0.009141221642494 -0.1126215606928 -0.1678439378738 0.07805892825127 1.421251416206 -0.02771560288966
404019.334794 -0.009543335065246 -0.1020189002156 -0.15392100811 0.0004989044973627 1.372216105461 -0.04928979277611
404019.73428 -0.01001461222768 -0.1024228259921 -0.1379140615463 -0.08895509690046 1.315875291824 -0.06848596781492
404020.13379 -0.009005069732666 -0.1038349047303 -0.1414307355881 -0.06786807626486 1.370895266533 -0.04391208663583
404020.533272 -0.009103099815547 -0.108373336494 -0.143568828702 -0.06602368503809 1.504259109497 -0.03660036996007
404020.934139 -0.008823580108583 -0.1062323525548 -0.1468739062548 0.04104308411479 1.327979207039 -0.01973799988627
404021.333574 -0.009638738818467 -0.09534547477961 -0.1425382196903 -0.1460836231709 1.453658223152 0.05711304023862
404021.734439 -0.01192218251526 -0.09801153838634 -0.1453833431005 -0.09042762219906 1.470978736877 0.0009928109357134
404022.13387 -0.01023741625249 -0.0965221375227 -0.1451415866613 -0.08666951209307 1.45499587059 0.03393553569913
404022.533412 -0.01082967408001 -0.08942511677742 -0.1373378038406 -0.2606790363789 1.57126224041 0.05844407528639
404022.934171 -0.01168741285801 -0.09433631598949 -0.1518851220608 -0.130057439208 1.681673526764 0.06327062100172
404023.333691 -0.01037219073623 -0.09560341387987 -0.1444971114397 -0.2643585503101 1.625377058983 0.03264166787267
404023.734465 -0.01227131672204 -0.09355258196592 -0.1542727947235 -0.1954827010632 1.552581191063 0.07840286940336
404024.13397 -0.01282406970859 -0.08548885583878 -0.1619570553303 0.1431161165237 1.391940236092 -0.02603704668581
404024.534756 -0.01388109475374 -0.08882743865252 -0.1726289689541 0.1344040334225 1.59304869175 0.01385092549026
404024.93431 -0.01157448068261 -0.08964448422194 -0.1695148050785 0.06920345127583 1.559762835503 0.008152002468705
404025.335083 -0.01157751586288 -0.09345582872629 -0.1683808118105 0.06417812407017 1.709830284119 -0.002400458324701
404025.734568 -0.01113268360496 -0.09177006036043 -0.1585009694099 -0.0133186718449 1.648208379745 -0.01370635908097
404026.135362 -0.009656387381256 -0.08851508051157 -0.1683435738087 -0.05909415334463 1.593007922173 0.006273640319705
404026.534905 -0.01104621309787 -0.07938918471336 -0.1591503769159 -0.1100275292993 1.810534954071 0.02649770490825
404026.935673 -0.01024830713868 -0.07608666270971 -0.1406687647104 -0.1753486394882 1.622301220894 0.02245216444135
404027.335213 -0.01406293548644 -0.07855979353189 -0.1397949308157 -0.2201861292124 2.008442401886 0.02266114391387
404027.734671 -0.01516628824174 -0.08137450367212 -0.1479976773262 -0.2136036157608 2.134421348572 0.03668652847409
404028.135512 -0.01668350026011 -0.06601644307375 -0.1513197869062 -0.1924025267363 1.920221567154 0.0824286416173
404028.534971 -0.01619310677052 -0.06247451528907 -0.1450131684542 -0.129261597991 1.825703620911 0.04334932938218
404028.934484 -0.01516812294722 -0.0669020563364 -0.1586489677429 -0.1107458472252 1.825041174889 0.02389609254897
404029.335275 -0.01203299313784 -0.06902508437634 -0.1480031758547 -0.1627705097198 1.732716679573 0.02453989721835
404029.734707 -0.01136989891529 -0.0786474198103 -0.1535389572382 -0.1355375945568 1.717772364616 0.009584221057594
404030.135542 -0.0141064953059 -0.06363049149513 -0.1413382440805 -0.1571059674025 1.695424199104 -0.005516608711332
404030.535078 -0.01663760654628 -0.06644763052464 -0.1586123555899 -0.05027224496007 1.681432723999 7.380836905213e-05
404030.93455 -0.01683012209833 -0.07434818148613 -0.1506566107273 -0.06930660456419 1.501470208168 0.01198753062636
404031.335363 -0.0184922311455 -0.06225565820932 -0.148880019784 -0.1111704856157 1.663456916809 0.004037147853523
404031.734789 -0.02103229798377 -0.05563523992896 -0.1642079949379 -0.04808789864182 1.66340649128 -0.001128860632889
404032.134299 -0.0166479498148 -0.067501924932 -0.1664521694183 0.04030362889171 1.387957453728 -0.03286545351148
404032.535164 -0.01903018727899 -0.0724233314395 -0.1672659218311 0.009027734398842 1.543203353882 -0.0296827070415
404032.934626 -0.01329015847296 -0.06197761371732 -0.1508683115244 -0.2410088181496 1.482798099518 -0.05003994703293
404033.335406 -0.01737340725958 -0.07915538549423 -0.1597571372986 -0.1556501984596 1.445028185844 -0.0791687220335
404033.734885 -0.01800592988729 -0.06967675685883 -0.1516774147749 -0.1501071751118 1.403946042061 -0.07706125080585
404034.135707 -0.01797640137374 -0.1026802584529 -0.1760672479868 -0.03504429385066 1.433353424072 -0.1134473085403
404034.535185 -0.01525484025478 -0.09332533925772 -0.1601649522781 -0.1370039731264 1.338320016861 -0.1030721664429
404034.936064 -0.01456380449235 -0.107489593327 -0.1547651290894 -0.2265255153179 1.360217809677 -0.08482854068279
404035.335497 -0.01568072661757 -0.1100434288383 -0.1531048417091 -0.2814439833164 1.568920969963 -0.08543962985277
404035.736293 -0.01223623100668 -0.1113145127892 -0.1342198699713 -0.3081218004227 1.297958850861 -0.03272346407175
404036.135855 -0.0132324360311 -0.1205942258239 -0.1376300901175 -0.3668432831764 1.499265789986 -0.04989602044225
404036.536599 -0.01225235871971 -0.1113915741444 -0.1363748311996 -0.165979668498 1.268145918846 0.1130300760269
404036.936096 -0.009481877088547 -0.1003007590771 -0.1283553093672 -0.1543308347464 1.046967387199 0.9843991398811
404037.335549 -0.005849089939147 -0.09314615279436 -0.1028992012143 -0.3588856160641 0.8279291987419 1.630861520767
404037.736431 0.0008001175010577 -0.05418507009745 -0.1183569356799 -0.2250719219446 0.5376098752022 1.465278506279
404038.137202 0.01131418533623 0.03763153403997 -0.1451007276773 -0.01356264483184 1.010362625122 1.062939524651
404038.536659 0.03129102289677 0.1583322733641 -0.1685047894716 0.3951875865459 1.130147814751 0.6340510249138
404038.936141 0.02766515500844 0.2611842751503 -0.179568707943 0.1194892674685 1.203444480896 1.577945709229
404039.335712 0.02964047715068 0.3779662847519 -0.1671663224697 0.08411532640457 1.220336437225 2.75271821022
404039.736451 0.02527331002057 0.5789725184441 -0.1938585937023 0.1686462908983 1.301362156868 4.048110961914
404040.135953 0.02277455106378 0.7982568144798 -0.2477230131626 0.2498681694269 1.278781056404 4.380447387695
404040.536804 0.02301462739706 0.9635279774666 -0.1983863711357 -0.517884016037 1.338881134987 3.647175073624
404040.936248 0.01694108173251 1.123561382294 -0.1900079101324 -0.01761542446911 1.547976016998 2.4300365448
404041.337063 0.01964350230992 1.330562114716 -0.1888072341681 -0.06473791599274 1.224179029465 1.24482691288
404041.736602 0.0252043697983 1.561762332916 -0.2079313546419 0.08969790488482 0.09821357578039 1.635100126266
404042.136045 0.0005707711097784 1.814259171486 -0.1821502000093 -0.2005259692669 1.17286670208 2.484204530716
404042.536858 -0.01601096615195 2.04530620575 -0.1933781206608 -0.08315394818783 1.481024265289 2.735048770905
404042.936387 -0.02496563084424 2.258671760559 -0.193719252944 0.1122083514929 1.786246418953 3.070305347443
404043.335807 -0.03628911450505 2.429266214371 -0.1981472074986 0.4569809436798 1.134509205818 3.333729982376
404043.736693 -0.05058955028653 2.574914216995 -0.223959878087 0.6289143562317 1.431872010231 3.300416946411
404044.136179 -0.06230542436242 2.770691633224 -0.2463876307011 0.569000184536 1.391683101654 3.274164676666
404044.536991 -0.07443041354418 3.007822036743 -0.2135437428951 0.2724606394768 1.453756093979 2.125308990479
404044.936455 -0.08846382796764 3.335262060165 -0.2449027299881 -0.2144633233547 1.407931923866 1.884519219398
404045.337275 -0.07943965494633 3.623739957809 -0.2455977201462 -0.04674251750112 1.32505941391 1.412266254425
404045.736725 -0.07085367292166 3.861842155457 -0.2237282693386 0.2123573571444 1.415013074875 0.9679983854294
404046.137537 -0.06730090081692 4.082001686096 -0.2356317341328 -0.008782152086496 1.376040816307 0.9436473250389
404046.537014 -0.0672262981534 4.275909900665 -0.2468553036451 -0.2532043457031 2.265808105469 1.240173578262
404046.936506 -0.06445395946503 4.515233039856 -0.2590838074684 -0.420512586832 1.055220961571 1.675255775452
404047.33732 -0.05842225253582 4.762895584106 -0.279798746109 -0.4153200089931 1.693563580513 1.810556411743
404047.736791 -0.06407617777586 5.045171260834 -0.2829514741898 -0.2503653168678 1.936679601669 3.465961694717
404048.137666 -0.06798347085714 5.266157150269 -0.2881493270397 -0.1406531333923 1.779108047485 5.768357753754
404048.537135 -0.07761404663324 5.467122077942 -0.3048786818981 -0.03650007024407 1.6750228405 6.51717042923
404048.939211 -0.0740170776844 5.680714130402 -0.2918455004692 0.2423940449953 0.8670087456703 5.283155441284
404049.340078 -0.07360255718231 5.901944637299 -0.3113404810429 0.3017508089542 0.8975155353546 2.600143671036
404049.740866 -0.06578889489174 6.163533210754 -0.3163939118385 0.9952757358551 1.195232391357 2.561478853226
404050.141679 -0.06217672303319 6.405108451843 -0.3031335175037 0.8196561932564 0.9921652674675 2.866827011108
404050.541221 -0.06275014579296 6.624037265778 -0.3322212696075 0.003069981466979 1.488621115685 2.660386800766
404050.942033 -0.0654723867774 6.850097179413 -0.3738950192928 0.2942048609257 1.28878235817 1.944638848305
404051.342786 -0.06519311666489 7.077012062073 -0.3873195946217 0.5278843045235 1.447325110435 1.246519207954
404051.743634 -0.05428982526064 7.38862991333 -0.3897187709808 0.07478611171246 1.373319387436 2.526023626328
404052.143148 -0.06074758991599 7.67900800705 -0.4136139750481 1.065846204758 1.644469738007 3.773958206177
404052.543961 -0.05545873939991 7.950427532196 -0.3856171369553 0.155267894268 2.427525520325 2.470304965973
404052.944753 -0.06341587752104 8.26345539093 -0.4221273064613 -0.415986686945 2.527707338333 1.705611586571
404053.345516 -0.06170470267534 8.48251247406 -0.4341317415237 -0.0006919401348568 2.897899389267 0.8070774078369
404053.746351 -0.0536648593843 8.657206535339 -0.4277385473251 0.3407846093178 2.607043027878 0.8227505683899
404054.145836 -0.04335902258754 8.904706001282 -0.4303152859211 0.277104973793 2.449505090714 0.914912045002
404054.546649 -0.03003515489399 9.08825969696 -0.446505188942 0.2287025898695 2.388356924057 1.909563183784
404054.946143 -0.0407696403563 9.362853050232 -0.4831727743149 -0.2361512333155 1.513946652412 2.408306837082
404055.346939 -0.02970715239644 9.622687339783 -0.4630541801453 0.5227629542351 1.029025554657 2.980544567108
404055.746469 -0.0230594612658 9.88277053833 -0.4737915694714 0.935149371624 0.8320033550262 2.987142562866
404056.145954 -0.03607925772667 10.18496608734 -0.5043014287949 0.644140124321 1.580415129662 4.197761535645
404056.546711 -0.04326105862856 10.50428771973 -0.5096372365952 0.4753345549107 1.13785970211 4.172294616699
404056.947586 -0.03930117189884 10.78856086731 -0.5223585963249 -0.4937682747841 1.33632171154 2.657993078232
404057.348421 -0.02333964966238 11.00370407104 -0.4747154712677 -0.4856525659561 2.203761100769 1.012662053108
404057.747908 -0.01411921624094 11.18042087555 -0.5121154785156 0.2369838654995 1.812377929688 1.083787083626
404058.148693 -0.01905505172908 11.38928699493 -0.5100187063217 -0.3565458953381 1.082468032837 0.2395440191031
404058.548144 0.002187448553741 11.61703968048 -0.5418487787247 -0.1196378469467 0.9185479879379 -0.8492694497108
404058.948983 0.0298545062542 11.86882686615 -0.5039527416229 -0.2234089821577 1.747300982475 -0.09697083383799
404059.348446 0.03919268026948 12.18892765045 -0.5353979468346 -0.006319071631879 1.338029980659 0.7743563055992
404059.747986 0.04596254974604 12.55687332153 -0.5661193728447 0.7051238417625 1.468697547913 0.3600480854511
404060.1488 0.05291337519884 12.80173969269 -0.5657484531403 0.0920162498951 0.8972585201263 0.8130955696106
404060.549559 0.06783293932676 13.17529392242 -0.5695928931236 -0.6838094592094 1.265640616417 0.1390474885702
404060.949046 0.07490185648203 13.44827461243 -0.5914723873138 0.5606130957603 1.324419856071 0.1673903465271
404061.349859 0.09337532520294 13.75383472443 -0.5877981185913 0.1076983213425 1.362583398819 -0.008763933554292
404061.749402 0.1096565499902 14.07841205597 -0.6199365854263 -0.04382502660155 1.591924667358 -0.6887265443802
404062.150164 0.124281026423 14.31401729584 -0.6213250160217 -0.1923613250256 1.006231427193 -0.8572858572006
404062.549707 0.1300973892212 14.57102012634 -0.6159353256226 0.3397547900677 1.680759191513 0.4640775024891
404062.950464 0.1352601051331 14.80858421326 -0.6730217337608 1.236616015434 1.712237715721 0.731075823307
404063.350006 0.1427161842585 15.0656042099 -0.6470869779587 -0.2468874156475 1.042031288147 0.2841497063637
404063.750763 0.1479276716709 15.33597660065 -0.6553120613098 0.07289336621761 1.729967355728 -0.2496853321791
404064.151543 0.1799643337727 15.6286611557 -0.6607059836388 0.2479507774115 1.425771474838 -1.884862065315
404064.551059 0.2034118324518 15.9251871109 -0.6567275524139 -0.1390140503645 0.8943133950233 -2.881651639938
404064.951929 0.2303977906704 16.23692893982 -0.689466714859 0.9702617526054 1.317540884018 -1.890980482101
404065.351415 0.255998134613 16.52376174927 -0.6895714402199 0.8242855072021 1.930196285248 -1.167589068413
404065.750847 0.282463312149 16.77425003052 -0.6618224382401 0.9410290122032 2.327130794525 -0.1069801077247
404066.150345 0.2939518988132 17.0006942749 -0.6836191415787 0.8134000897408 2.644221782684 1.173917174339
404066.549832 0.2942486703396 17.19286727905 -0.6986733675003 1.292995691299 2.348036289215 2.268562793732
404066.950699 0.303992420435 17.43179702759 -0.7160601615906 0.9843469262123 1.551422357559 1.189747214317
404067.350108 0.3194949924946 17.69244194031 -0.6925614476204 1.276671648026 1.675104856491 2.037047386169
404067.750941 0.3251931667328 17.98606872559 -0.7095467448235 1.055295944214 2.86076259613 3.268838167191
404068.150486 0.3259884119034 18.28784561157 -0.7527961730957 0.7983015775681 3.030081033707 3.96982049942
404068.549971 0.3188461363316 18.55675506592 -0.7215700745583 -0.1242346614599 2.646380186081 5.598483085632
404068.949401 0.302541077137 18.82461738586 -0.6970186233521 -0.03662730753422 2.088010311127 5.448444366455
404069.350265 0.3094428479671 19.069688797 -0.7061638236046 0.5050469040871 1.667672753334 3.624045610428
404069.749683 0.3185179829597 19.28068161011 -0.7274558544159 0.6188858151436 2.601302146912 2.406739711761
404070.149184 0.328958183527 19.49890899658 -0.7362471818924 0.6622618436813 2.457645893097 2.875468969345
404070.549984 0.3488572239876 19.7767124176 -0.762334048748 0.03834808245301 2.5291056633 2.88641667366
404070.949481 0.354439586401 20.05708694458 -0.7404030561447 0.5427460074425 2.319758653641 3.592336177826
404071.350315 0.3696405887604 20.36618232727 -0.7693479657173 0.2947573363781 2.431931734085 3.363721847534
404071.751075 0.389160066843 20.65722084045 -0.7968212962151 0.4769732356071 2.58614730835 2.335344552994
404072.150594 0.4191410541534 20.97470283508 -0.7725056409836 0.2602647840977 1.590311169624 2.106632947922
404072.550132 0.4543077945709 21.24048423767 -0.7930575013161 0.2772385179996 1.860478520393 1.80964922905
404072.95089 0.4814127981663 21.49573326111 -0.7621719241142 0.06335136294365 1.439900994301 1.686766505241
404073.349047 0.5110849738121 21.70435333252 -0.7691543102264 0.8186334371567 2.133162975311 4.209681987762
404073.748561 0.5193757414818 21.93044281006 -0.751989543438 1.044880270958 1.757106423378 5.045191287994
404074.149317 0.5337811112404 22.15040397644 -0.7788454890251 1.181514024734 2.05823135376 5.150423526764
404074.548826 0.5414318442345 22.3690662384 -0.7715932130814 0.2410662025213 0.6390107274055 6.651581764221
404074.94701 0.518706381321 22.58294296265 -0.8037829399109 -0.2479126751423 2.254117250443 11.31038379669
404075.346466 0.4954786598682 22.77832221985 -0.8061466217041 0.02254890464246 2.596958398819 18.33876419067
404075.744625 0.4300163686275 22.94495391846 -0.8342273831367 0.3591925799847 2.539463996887 26.52347183228
404076.142839 0.3625550568104 23.08062553406 -0.8165008425713 0.725373506546 2.506179571152 36.68272399902
404076.540997 0.2968817353249 23.17735481262 -0.8265256881714 1.060009121895 2.37885093689 49.39611816406
404076.940418 0.2078543454409 23.24817466736 -0.8433983922005 1.927697896957 2.276145935059 64.82411956787
404077.338648 0.1193214133382 23.29373550415 -0.825399518013 1.850446581841 1.711614012718 80.29752349854
404077.736748 0.01895872503519 23.33499717712 -0.8073990345001 2.387813568115 1.774627804756 99.96342468262
404078.134918 -0.06964153796434 23.32670974731 -0.8302441835403 2.828505754471 1.436284542084 120.3065872192
404078.535733 -0.1366461217403 23.31106185913 -0.8199682235718 3.099209308624 0.9204770326614 137.9647216797
404078.935202 -0.1823464632034 23.27025604248 -0.8167455196381 3.127191781998 0.1369979828596 153.4474945068
404079.336024 -0.2192108333111 23.23581314087 -0.8095201253891 2.997824907303 -0.2718859314919 168.9317626953
404079.738174 -0.2394295930862 23.17362976074 -0.7977911829948 2.950517892838 -0.9470496177673 -178.0299377441
404080.140368 -0.2531975507736 23.11769866943 -0.7977616786957 3.138270378113 -1.53774869442 -168.4968566895
404080.542512 -0.2193861603737 23.01237487793 -0.8192792534828 3.336606264114 -1.588861465454 -165.5659179688
404080.945924 -0.1741154640913 22.83261680603 -0.7854406237602 3.73177075386 -1.180327773094 -164.2202911377
404081.349444 -0.1215662136674 22.60612869263 -0.7687955498695 3.189752340317 -0.8823762536049 -166.0417938232
404081.75284 -0.05188323557377 22.36238861084 -0.7423022985458 3.49555182457 -1.431990146637 -168.1280212402
404082.154962 -0.03474770486355 22.08668899536 -0.8160604834557 2.481808662415 0.2749151587486 -171.7470245361
404082.557134 -0.01334688998759 21.81742477417 -0.7924198508263 2.351780176163 0.1179783791304 -174.71925354
404082.957979 -0.006571324542165 21.5721988678 -0.7803334593773 2.721410036087 0.5258647799492 -175.9004211426
404083.358796 0.01002468448132 21.31807136536 -0.7628329992294 4.521374225616 -0.5450763702393 -174.4084472656
404083.759619 0.03279342129827 20.98715209961 -0.7795159220695 3.806308031082 -0.7701942920685 -173.1546325684
404084.159059 0.05146175250411 20.64054298401 -0.7453632950783 3.202640771866 -0.8807969689369 -172.3121948242
404084.55861 0.07691280543804 20.27095222473 -0.8047930002213 2.811963319778 -0.105102352798 -171.2396850586
404084.95941 0.1164009347558 19.92422294617 -0.7184529304504 4.220866680145 -0.8787103891373 -170.7414703369
404085.358828 0.1344214081764 19.59794044495 -0.7321276664734 3.142080783844 -1.455757260323 -171.3970489502
404085.758389 0.1627841442823 19.27978515625 -0.7372803688049 3.088315010071 -2.181226730347 -171.3659820557
404086.159202 0.1904053837061 18.97919273376 -0.7050611972809 2.934360980988 -1.440144181252 -170.3411712646
404086.558621 0.2281764745712 18.7007598877 -0.6935536265373 2.765285968781 -1.037503838539 -170.5643310547
404086.95812 0.2745118141174 18.45941162109 -0.7346068620682 3.792497396469 -1.403507471085 -170.306137085
404087.358973 0.3291865289211 18.16221618652 -0.705070734024 3.410839557648 -1.352691054344 -173.4088745117
404087.758442 0.3515900373459 17.86664009094 -0.7027919888496 2.891278982162 -0.7438941001892 -176.8855133057
404088.157898 0.3746347725391 17.5728969574 -0.7010554671288 2.510274887085 -0.2673718035221 180.2643585205
404088.557358 0.3859627842903 17.28297996521 -0.6804206371307 2.927990674973 -0.9827137589455 178.1932067871
404088.956878 0.3835361897945 16.92902374268 -0.6820518374443 2.72642660141 -0.09095618873835 176.4525909424
404089.355078 0.3714402019978 16.57735824585 -0.6513836979866 2.692673683167 -1.267576813698 176.7111206055
404089.754581 0.3387486636639 16.1776008606 -0.6893220543861 3.147538661957 -0.2508206069469 176.8471221924
404090.154017 0.3015725314617 15.83911895752 -0.649591088295 3.687038183212 0.2146993279457 177.0794525146
404090.553558 0.2660493552685 15.4442949295 -0.6445844173431 3.709818124771 -0.440248221159 177.6837615967
404090.953042 0.2327047586441 15.12693405151 -0.6584034562111 3.702247619629 -0.6158925294876 178.5546264648
404091.352471 0.2191032916307 14.81422710419 -0.6383863091469 3.840775966644 -0.9687402248383 -178.6806640625
404091.751977 0.2115108519793 14.47819042206 -0.607637822628 2.757396459579 -0.8667357563972 -177.058303833
404092.151471 0.2202629297972 14.24290943146 -0.6169603466988 4.210105419159 -0.2246002852917 -175.172454834
404092.550979 0.2205128669739 13.97168254852 -0.6017149686813 3.880762338638 -0.5365232825279 -176.0169372559
404092.951784 0.2159838527441 13.75466060638 -0.5931419730186 3.509960412979 -1.163672804832 -176.3463439941
404093.351277 0.2236550450325 13.52205467224 -0.5850608348846 3.406116485596 -1.51576590538 -176.8522644043
404093.750709 0.2171480357647 13.31639099121 -0.5937317609787 2.649695396423 -0.9804418683052 -177.3924713135
404094.151576 0.2166137397289 13.07287120819 -0.5645912885666 4.064959049225 -1.077349901199 -176.9805450439
404094.551064 0.2092459946871 12.78046321869 -0.5767194032669 3.728013277054 -1.551756262779 -178.4985198975
404094.951821 0.1794276088476 12.50456237793 -0.5834936499596 3.115607738495 -0.7416893839836 179.3269042969
404095.351362 0.1545766741037 12.20641613007 -0.585785150528 3.806266546249 -0.7889901995659 178.5903930664
404095.750847 0.1147914975882 11.88781547546 -0.5503144264221 3.118875980377 -0.7480790615082 178.6643066406
404096.150275 0.08322066813707 11.67403888702 -0.521153151989 3.228053331375 0.4357388913631 178.8582000732
404096.549791 0.06381209939718 11.42671966553 -0.5217338204384 3.50074505806 -0.1674210876226 179.1759643555
404096.949249 0.03733113780618 11.19612884521 -0.5511664748192 2.915354728699 -0.6415893435478 178.6765594482
404097.350061 -0.01422434300184 10.92162132263 -0.5114303827286 3.218271970749 0.1336975991726 177.5691223145
404097.749537 -0.06496347486973 10.64798259735 -0.5350314974785 3.282802581787 0.3133365213871 177.6932525635
404098.149075 -0.1098210886121 10.39917945862 -0.5056599378586 3.494225263596 -0.009035325609148 178.9609375
404098.548547 -0.1582342237234 10.10202884674 -0.5212551951408 3.334729671478 0.04763614758849 178.524597168
404098.948055 -0.1982451528311 9.798312187195 -0.4829536676407 3.191413164139 -0.9230470061302 181.157913208
404099.348814 -0.2277960777283 9.513272285461 -0.4900230467319 3.516660928726 -1.044415950775 -178.7802581787
404099.748348 -0.2576237618923 9.253251075745 -0.4644334614277 3.675315618515 -2.058894395828 -178.2539367676
404100.147755 -0.2750006914139 8.9674949646 -0.4524626731873 3.142434597015 -1.506567955017 -177.7239837646
404100.54725 -0.299719363451 8.645634651184 -0.473856896162 3.114898443222 -1.122742295265 -177.7569274902
404100.946761 -0.3119665086269 8.369066238403 -0.4516638815403 3.170545578003 -1.401112794876 -179.2926940918
404101.346248 -0.3271655142307 8.110898017883 -0.4394516944885 3.404449224472 -1.574833273888 180.0370025635
404101.745718 -0.35125207901 7.856930732727 -0.4420827031136 3.492322206497 -1.240705490112 179.8964996338
404102.145278 -0.3676866889 7.608795642853 -0.42665168643 3.008591175079 -1.108249902725 181.491973877
404102.543381 -0.3637326061726 7.334655761719 -0.4339313805103 2.824783802032 -1.490896463394 -175.2372131348
404102.942906 -0.3462078869343 7.020619392395 -0.4130563139915 3.050714254379 -2.27747297287 -174.7651062012
404103.343724 -0.3348003923893 6.695241451263 -0.3937473297119 3.344736337662 -0.9190438985825 -177.3838195801
404103.743209 -0.3325990438461 6.347822189331 -0.3616147637367 3.493867635727 -1.316612362862 -175.7233734131
404104.144031 -0.317876636982 6.021069049835 -0.3856371939182 2.75258231163 -1.629562616348 -175.6167297363
404104.544846 -0.3222543597221 5.64440870285 -0.3874578177929 3.254775285721 -1.355177998543 -177.4221038818
404104.945657 -0.3301401734352 5.295666217804 -0.3765306174755 3.498048305511 -1.565694570541 -177.5315856934
404105.345149 -0.3357238769531 4.965769290924 -0.3308656513691 3.128389358521 -1.11794257164 -177.4337463379
404105.745961 -0.3353217542171 4.617809772491 -0.3566581308842 3.517508268356 -0.5519871711731 -177.3452606201
404106.146717 -0.3335529267788 4.317788600922 -0.3332415223122 4.131262779236 -0.878556907177 -177.314239502
404106.54753 -0.3403188586235 4.060184001923 -0.3089447617531 3.594784498215 -0.7296832203865 -177.4747009277
404106.948386 -0.3406060636044 3.75737118721 -0.3117142915726 3.47577548027 -0.5013119578362 -177.8046569824
404107.34919 -0.3419370949268 3.513586997986 -0.3049084842205 3.22315454483 -0.4047301709652 -178.6938323975
404107.749973 -0.3583556115627 3.259170055389 -0.2833783328533 3.561388969421 -0.3443855345249 -179.4400024414
404108.150758 -0.3722631335258 2.965609312057 -0.2571405172348 3.359263658524 -0.1993912607431 -179.9658050537
404108.55159 -0.3911072313786 2.638965606689 -0.2756688296795 3.514472723007 -0.3638632297516 179.6776733398
404108.952414 -0.4071503579617 2.290575265884 -0.2557004094124 3.411687612534 -0.09054058790207 179.8960266113
404109.351893 -0.4317705333233 1.945927977562 -0.2585653364658 3.306042194366 -0.3650622665882 -179.1896209717
404109.752738 -0.4429919421673 1.600725889206 -0.233902156353 4.110321521759 -0.3475197553635 -178.6790161133
404110.153529 -0.4517419934273 1.231981396675 -0.2337006777525 4.050989627838 -0.6611890792847 -177.4893493652
404110.553018 -0.4414893686771 0.8816964626312 -0.2005023062229 3.964514732361 -0.5177883505821 -176.5675201416
404110.953818 -0.4446957111359 0.5667721033096 -0.2051180005074 4.014855384827 -0.1248179003596 -175.7925567627
404111.351964 -0.417975217104 0.3132664561272 -0.1937416344881 3.421075820923 -1.245015382767 -169.1179199219
404111.750211 -0.3750481009483 0.07741749286652 -0.2154416143894 2.828451395035 -1.420590996742 -158.7925415039
404112.147012 -0.3319988846779 -0.01821326836944 -0.1878168582916 2.95941400528 -1.500601649284 -147.8532104492
404112.545199 -0.3043031990528 -0.101201146841 -0.1729094982147 2.483529806137 -1.345360398293 -133.6251678467
404112.943328 -0.2719913423061 -0.1436548829079 -0.1684033274651 1.825488448143 -1.593474388123 -116.5037078857
404113.341515 -0.2515026330948 -0.1760692298412 -0.1694098263979 1.203938007355 -1.691195964813 -100.3647384644
404113.739675 -0.2241682559252 -0.2190773338079 -0.1353985965252 0.7312358021736 -1.644359946251 -82.75624084473
404114.137772 -0.1762499660254 -0.2445144951344 -0.1438907235861 0.07734724879265 -1.155546069145 -64.97987365723
404114.537318 -0.1618793010712 -0.2449189424515 -0.1493681371212 -0.4353850483894 -0.6584966182709 -45.47945404053
404114.935486 -0.102429330349 -0.2515597045422 -0.1637066304684 -0.6414882540703 0.367828220129 -23.08082580566
404115.336246 -0.05573524534702 -0.257637321949 -0.1228149458766 -0.7914506196976 0.3724645972252 -7.732024669647
404115.738442 -0.05280528590083 -0.2465472072363 -0.1494679898024 -0.334074229002 1.157748103142 0.4671860039234
404116.141909 -0.01928931847215 -0.1670340895653 -0.1449489593506 -0.4175491333008 1.154951095581 2.684995412827
404116.545377 0.0122349942103 -0.06560517847538 -0.1604532599449 -0.1647586971521 1.206636428833 2.846310377121
404116.948781 0.02772782370448 -0.0484708994627 -0.1811230331659 -0.07968817651272 1.368280887604 3.006772518158
404117.350984 0.02905251272023 -0.0381212644279 -0.1741138696671 -0.2871500849724 1.289666771889 2.992251634598
404117.751786 0.029107702896 -0.04483989626169 -0.1600367426872 -0.3042379617691 1.35339820385 2.959939241409
404118.153936 0.03115721419454 -0.0302304495126 -0.1757595390081 0.1361598968506 0.8750643134117 2.917992115021
404118.554664 0.03105635009706 -0.02902263589203 -0.1828730404377 0.3795914053917 0.6457619667053 2.911044597626
404118.955534 0.03177993372083 -0.03160404413939 -0.170369386673 0.1213691532612 0.6394435167313 2.903306007385
404119.356343 0.02842941880226 -0.04652170091867 -0.1597802042961 -0.2563392817974 0.9405712485313 2.899676561356
404119.755806 0.02937662601471 -0.0302863586694 -0.1761510521173 0.2237146496773 0.6826463937759 2.885341405869
404120.15662 0.02961972355843 -0.03431011736393 -0.1850281655788 0.3870884478092 0.6199170351028 2.909917593002
404120.556099 0.0304029174149 -0.03660353273153 -0.201812312007 0.8506196737289 0.3891799747944 2.921253204346
404120.955593 0.03352960571647 -0.03179237619042 -0.1997186541557 0.788546860218 0.2418384850025 2.928106069565
